function [X,Y,Z]=EMGcoords36()

Xd=[0.199 0.141 0.241 0.127 0.157 0.165 0.049 0.087 0.096 0.053 0.055 0.143 0.120 0.255 0.223 0.250 0.326 0.307];
Yd=[-0.010 -0.120 -0.090 0.070 -0.090 0.035 -0.023 0.118 0.085 0.010 -0.086 -0.105 -0.038 -0.020 0.030 -0.062 0.062 0.013];
Zd=[0.330 0.289 0.260 0.650 0.596 0.500 0.590 1.050 1.350 1.515 1.025 1.228 1.454 1.314 1.136 1.191 1.005 0.957];

Xnd=[-0.199 -0.113 -0.210 -0.127 -0.125 -0.165 -0.032 -0.087 -0.096 -0.053 -0.055 -0.143 -0.140 -0.265 -0.255 -0.290 -0.332 -0.300];
Ynd=[-0.005 -0.129 -0.112 0.080 -0.090 0.035 -0.023 0.118 0.090 0.010 -0.088 -0.110 -0.045 -0.036 0.030 -0.055 0.048 -0.030];
Znd=[0.330 0.300 0.270 0.629 0.591 0.541 0.590 1.050 1.350 1.515 1.025 1.228 1.460 1.314 1.165 1.191 0.977 0.988];

X=[Xd,Xnd];
Y=[Yd,Ynd];
Z=[Zd,Znd];