function [X,Y,Z]=EMGcoords9()

%ED,FD,BB, LO?, TL, D, ,, TRB, PMA ,LD

Xd=[0.326 0.25 0.25 0.22 0.255 0.18 0.22 0.096 0.143];
Yd=[0.062 0.013 -0.062 -0.062 -0.02 -0.008 -0.02 0.085 -0.105];
Zd=[1.005 1.05 1.191 1.22 1.275 1.4 1.4 1.35 1.228];

Xnd=[-0.332 -0.3 -0.29 -0.29 -0.265 -0.265 -0.265 -0.096 -0.143];
Ynd=[0.048 -0.03 -0.055 -0.055 -0.036 -0.036 -0.036 0.09 -0.11];
Znd=[0.977 0.988 1.191 1.191 1.314 1.314 1.314 1.35 1.228];

X=[Xd,Xnd];
Y=[Yd,Ynd];
Z=[Zd,Znd];


%Xd=[0.326 0.25 0.25 0.22 0.255 0.18 0.22 0.096 0.143];
%Yd=[0.062 0.013 -0.062 -0.062 -0.02 -0.008 -0.02 0.085 -0.105];
%Zd=[1.005 1.05 1.191 1.22 1.275 1.4 1.4 1.35 1.228];

%Xnd=[-0.332 -0.3 -0.29 -0.29 -0.265 -0.265 -0.265 -0.096 -0.143];
%Ynd=[0.048 -0.03 -0.055 -0.055 -0.036 -0.036 -0.036 0.09 -0.11];
%Znd=[0.977 0.988 1.191 1.191 1.314 1.314 1.314 1.35 1.228];

%X=[Xd,Xnd];
%Y=[Yd,Ynd];
%Z=[Zd,Znd];